72
268
245
97
273
146
161
23
212
44
289
79
276
165
78
139
22
31
33
121
64
136
205
27
216
196
153
77
215
51
25
248
264
192
283
88
281
137
254
141
262
244
135
108
83
68
115
29
193
175
228
42
8
236
189
233
2
30
238
263
214
67
197
47
261
240
151
117
7
145
34
105
35
272
206
1
158
239
60
43
275
122
270
243
256
183
260
113
288
111
226
94
282
99
61
287
246
210
203
202
225
40
58
188
91
41
20
75
24
177
235
70
10
249
55
32
6
87
191
54
150
112
160
222
285
185
230
120
92
265
284
221
109
90
39
50
168
125
119
71
82
124
250
187
162
237
167
267
37
57
266
128
278
16
253
156
157
174
62
12
234
195
208
13
86
258
223
179
149
14
19
4
116
224
176
173
5
164
52
132
63
130
98
180
172
107
21
0
114
131
259
129
49
56
102
147
65
217
15
101
269
170
138
198
84
232
69
231
204
81
280
17
143
148
80
211
126
251
127
152
181
66
155
118
252
123
133
227
95
229
154
171
178
286
209
3
241
89
100
18
93
255
257
142
96
190
76
159
85
166
242
213
28
26
48
73
186
103
201
218
182
45
134
247
36
184
104
163
220
207
271
46
279
110
59
199
194
53
140
144
11
169
200
274
106
74
9
219
38
277
