46
70
84
124
159
174
201
215
217
220
223
225
233
236
247
249
251
252
253
262
275
285
292
296
138
155
162
164
165
169
176
185
206
222
228
240
244
248
255
256
265
266
268
272
281
99
102
110
157
180
226
230
237
242
246
250
273
274
284
289
108
144
175
197
202
210
221
282
291
295
298
158
166
168
193
196
259
261
267
283
293
297
109
150
170
173
203
204
231
243
257
28
105
131
147
229
232
254
264
271
287
288
11
40
119
161
167
183
212
224
227
239
279
290
1
5
7
17
30
31
39
51
94
101
103
198
205
238
286
26
152
156
207
219
260
278
187
263
280
98
163
213
214
12
16
35
48
72
73
132
145
160
179
211
241
269
69
113
123
154
195
189
218
258
270
21
47
71
171
199
208
68
81
129
182
184
191
294
299
172
277
10
153
216
50
177
178
235
44
66
77
128
63
234
276
61
67
181
137
188
194
245
151
45
190
192
200
209
22
80
91
130
2
18
65
54
56
58
64
76
140
75
120
19
186
133
0
33
88
121
136
34
115
127
125
59
83
78
146
13
42
74
96
104
111
117
142
62
24
29
23
122
15
135
55
100
82
139
149
14
36
79
92
95
143
8
41
43
93
126
148
32
89
27
49
86
87
141
85
97
112
114
134
37
52
53
57
106
9
38
6
20
90
4
116
60
107
118
3
25
